Task 2 Results: Effect of MSS on Transfer Delay
========================================================================================================================
File size: 1049268 bytes (1.00 MB)
Window Size N: 64
Loss probability: 0.05
========================================================================================================================

MSS (bytes)     Trial 1      Trial 2      Trial 3      Trial 4      Trial 5      Average      Std Dev     
------------------------------------------------------------------------------------------------------------------------
100             558.47      544.45      506.00      584.34      547.77       548.21       28.32       
200             308.40      270.77      253.00      267.25      284.67       276.82       20.94       
300             201.27      159.16      191.88      186.95      183.06       184.46       15.70       
400             144.14      157.23      136.27      121.11      152.12       142.18       14.21       
500             107.89      102.77      118.85      123.02      128.63       116.23       10.69       
600             108.72      94.55       97.12       92.45       89.63        96.49        7.37        
700             81.41       84.52       89.37       94.60       85.57        87.09        5.07        
800             72.20       78.14       55.78       74.06       79.19        71.87        9.44        
900             64.05       66.16       75.35       56.89       63.93        65.28        6.63        
1000            70.04       61.92       64.09       52.94       68.24        63.45        6.70        
------------------------------------------------------------------------------------------------------------------------
