Task 1 Results: Effect of Window Size N on Transfer Delay
========================================================================================================================
File size: 1049268 bytes (1.00 MB)
MSS: 500 bytes
Loss probability: 0.05
========================================================================================================================

Window Size (N) Trial 1      Trial 2      Trial 3      Trial 4      Trial 5      Average      Std Dev     
------------------------------------------------------------------------------------------------------------------------
1               121.29      132.19      128.28      129.76      133.60       129.02       4.79        
2               100.21      125.53      119.70      110.04      114.23       113.94       9.63        
4               132.89      121.50      101.13      105.96      96.36        111.57       15.20       
8               124.46      123.81      139.00      121.65      115.59       124.90       8.62        
16              121.01      110.23      119.50      116.65      107.78       115.04       5.79        
32              114.57      119.97      107.89      119.41      115.09       115.39       4.85        
64              98.81       115.15      121.50      119.23      107.87       112.51       9.25        
128             105.57      110.54      101.21      104.38      115.64       107.47       5.67        
256             114.36      119.94      97.88       95.90       120.39       109.69       11.95       
512             117.95      96.79       105.50      113.42      108.22       108.38       8.06        
1024            138.12      120.69      113.07      100.76      108.73       116.28       14.18       
------------------------------------------------------------------------------------------------------------------------
