Task 3 Results: Effect of Loss Probability on Transfer Delay
========================================================================================================================
File size: 1049268 bytes (1.00 MB)
MSS: 500 bytes
Window size (N): 64
========================================================================================================================

Probability (p)   Trial 1      Trial 2      Trial 3      Trial 4      Trial 5      Average      Std Dev     
------------------------------------------------------------------------------------------------------------------------
0.01              14.77       19.16       32.59       25.17       20.28        22.39        6.80        
0.02              42.08       50.12       47.23       43.79       37.44        44.13        4.87        
0.03              57.01       74.73       72.66       68.36       53.11        65.17        9.62        
0.04              105.96      112.46      108.97      82.60       99.16        101.83       11.81       
0.05              136.51      112.28      94.61       112.70      129.00       117.02       16.33       
0.06              172.04      108.26      155.22      135.38      139.64       142.11       23.80       
0.07              153.48      165.91      184.97      168.77      187.32       172.09       14.09       
0.08              174.97      195.13      213.60      194.00      200.32       195.60       13.92       
0.09              219.46      219.43      202.70      234.26      266.22       228.41       23.90       
0.10              245.38      268.92      253.71      281.45      259.63       261.82       13.93       
------------------------------------------------------------------------------------------------------------------------
